============= RESTART: C:/Users/Admin/Documents/naadhi/program13.py ============
Matrix 1=
 [[1 2 3]
 [1 1 1]
 [1 1 1]]
Matrix 2=
 [[1 0 0]
 [0 1 0]
 [0 0 1]]
Matrix 1 + Matrix 2=
 [[2 2 3]
 [1 2 1]
 [1 1 2]]
Matrix 1 - Matrix 2=
 [[0 2 3]
 [1 0 1]
 [1 1 0]]
Matrix 1 * Matrix 2=
 [[1 2 3]
 [1 1 1]
 [1 1 1]]
2 * Matrix 1=
 [[2 4 6]
 [2 2 2]
 [2 2 2]]
Transpose of Matrix 1=
 [[1 1 1]
 [2 1 1]
 [3 1 1]]

============= RESTART: C:/Users/Admin/Documents/naadhi/program14.py ============
Translation matrix:
[[1 0 1]
 [0 1 1]
 [0 0 1]]
rotation matrix:
[[ 0.8660254 -0.5        0.       ]
 [ 0.5        0.8660254  0.       ]
 [ 0.         0.         1.       ]]
Scaling matrix:
[[1 0 1]
 [0 1 1]
 [0 0 1]]

============= RESTART: C:/Users/Admin/Documents/naadhi/program15.py ============
Translation matrix:
[[1 0 0 1]
 [0 1 0 1]
 [0 0 1 1]
 [0 0 0 1]]
Rotation matrix X:
[[ 1.         0.         0.         0.       ]
 [ 0.         0.8660254 -0.5        0.       ]
 [ 0.         0.5        0.8660254  0.       ]
 [ 0.         0.         0.         1.       ]]
Rotetion matrix Y:
[[ 0.8660254  0.         0.5        0.       ]
 [ 0.         1.         0.         0.       ]
 [-0.5        0.         0.8660254  0.       ]
 [ 0.         0.         0.         1.       ]]
Rotetion matrix Z:
[[ 0.8660254 -0.5        0.         0.       ]
 [ 0.5        0.8660254  0.         0.       ]
 [ 0.         0.         1.         0.       ]
 [ 0.         0.         0.         1.       ]]

============= RESTART: C:/Users/Admin/Documents/naadhi/program16.py ============
[[1 2 3]
 [4 5 6]
 [7 8 9]]
[[-0.21483724  0.88723069  0.40824829]
 [-0.52058739  0.24964395 -0.81649658]
 [-0.82633754 -0.38794278  0.40824829]]
[1.68481034e+01 1.06836951e+00 4.41842475e-16]
[[-0.47967118 -0.57236779 -0.66506441]
 [-0.77669099 -0.07568647  0.62531805]
 [-0.40824829  0.81649658 -0.40824829]]
[[1.68481034e+01 0.00000000e+00 0.00000000e+00]
 [0.00000000e+00 1.06836951e+00 0.00000000e+00]
 [0.00000000e+00 0.00000000e+00 4.41842475e-16]]
[[1. 2. 3.]
 [4. 5. 6.]
 [7. 8. 9.]]
